name: GS_Gen_Git
channels:
  - pytorch
  - contango
  - anaconda
  - conda-forge
  - defaults
dependencies:
  - _libgcc_mutex=0.1=main
  - audioread=2.1.8=py36h9f0ad1d_2
  - blas=1.0=mkl
  - bzip2=1.0.8=h516909a_2
  - ca-certificates=2020.6.24=0
  - certifi=2020.6.20=py36_0
  - cffi=1.11.5=py36_0
  - cudatoolkit=10.0.130=0
  - cycler=0.10.0=py_2
  - decorator=4.4.2=py_0
  - ffmpeg=4.3=h167e202_0
  - freetype=2.10.2=he06d7ca_0
  - gettext=0.19.8.1=h5e8e0c9_1
  - gmp=6.2.0=he1b5a44_2
  - gnutls=3.6.13=h79a8f9a_0
  - icu=67.1=he1b5a44_0
  - intel-openmp=2020.1=217
  - joblib=0.16.0=py_0
  - kiwisolver=1.2.0=py36hdb11119_0
  - lame=3.100=h14c3975_1001
  - ld_impl_linux-64=2.33.1=h53a641e_7
  - libedit=3.1.20191231=h14c3975_1
  - libffi=3.3=he6710b0_2
  - libflac=1.3.3=he1b5a44_0
  - libgcc-ng=9.1.0=hdf63c60_0
  - libgfortran-ng=7.3.0=hdf63c60_0
  - libiconv=1.15=h516909a_1006
  - libllvm9=9.0.1=he513fc3_1
  - libogg=1.3.2=h516909a_1002
  - libpng=1.6.37=hed695b0_1
  - librosa=0.7.2=py_1
  - libsndfile=1.0.28=he1b5a44_1000
  - libstdcxx-ng=9.1.0=hdf63c60_0
  - libvorbis=1.3.7=he1b5a44_0
  - llvm-tools=9.0.1=he513fc3_1
  - llvmdev=9.0.1=he513fc3_1
  - matplotlib-base=3.2.2=py36h5fdd944_1
  - mkl=2020.1=217
  - mkl-service=2.3.0=py36he904b0f_0
  - mkl_fft=1.1.0=py36h23d657b_0
  - mkl_random=1.1.1=py36h0573a6f_0
  - ncurses=6.2=he6710b0_1
  - nettle=3.4.1=h1bed415_1002
  - ninja=1.9.0=py36hfd86e86_0
  - numpy=1.18.5=py36ha1c710e_0
  - numpy-base=1.18.5=py36hde5b4d6_0
  - openh264=2.1.1=h8b12597_0
  - openssl=1.1.1g=h516909a_0
  - pandas=1.0.5=py36h0573a6f_0
  - pip=20.1.1=py36_1
  - pycparser=2.20=pyh9f0ad1d_2
  - pyparsing=2.4.7=pyh9f0ad1d_0
  - pysoundfile=0.10.2=py_1001
  - python=3.6.10=h7579374_2
  - python-dateutil=2.8.1=py_0
  - python_abi=3.6=1_cp36m
  - python_speech_features=0.5=py36h937b0e9_0
  - pytorch=1.4.0=py3.6_cuda10.0.130_cudnn7.6.3_0
  - pytz=2020.1=py_0
  - readline=8.0=h7b6447c_0
  - resampy=0.2.2=py_0
  - scikit-learn=0.23.1=py36h423224d_0
  - scipy=1.5.0=py36h0b6359f_0
  - setuptools=47.3.1=py36_0
  - six=1.15.0=py_0
  - sqlite=3.32.3=h62c20be_0
  - threadpoolctl=2.1.0=pyh5ca1d4c_0
  - tk=8.6.10=hbc83047_0
  - tornado=6.0.4=py36h8c4c3a4_1
  - wheel=0.34.2=py36_0
  - x264=1!152.20180806=h14c3975_0
  - xz=5.2.5=h7b6447c_0
  - zlib=1.2.11=h7b6447c_3
  - pip:
    - llvmlite==0.31.0
    - numba==0.48.0
prefix: /home/sina/Programs/anaconda3/envs/GS_Gen_Git

